apikeyD = 11546cd6-1029-46ea-ad34-3abacc7bba69

apikeyYandex = dict.1.1.20220628T072602Z.aca428777f380b08.325558516315235d96697c2f6680e67bd2f48c02
apiKeyPexels = 563492ad6f91700001000001245b8c66fe674558bc74a8b716933f30
